50201 
49930 
49889 
50229 
50022 
49770 
50103 
50083 
50026 
49986 
49877 
49986 
49813 
50141 
49924 
50017 
50068 
49893 
49970 
49935 
49861 
49683 
49797 
49817 
50348 
49749 
50063 
49962 
50214 
50051 
50047 
50120 
50107 
49884 
49796 
49972 
50129 
50037 
49763 
49842 
50237 
50123 
49855 
50252 
49907 
50047 
49930 
49877 
49658 
50077 
50027 
49917 
50125 
50238 
50316 
49884 
49844 
50030 
49810 
49925 
50023 
49823 
50052 
49947 
49883 
49864 
50036 
50014 
49893 
50014 
49795 
50142 
50115 
50134 
49796 
49767 
50060 
50152 
49864 
49656 
50139 
49736 
49744 
50009 
49717 
49927 
49809 
49933 
50022 
50057 
49678 
50069 
50146 
50184 
49578 
49527 
50183 
49709 
50140 
49938 
49870 
49840 
49856 
50174 
50034 
49942 
50113 
50191 
49941 
49880 
49881 
49616 
49732 
50166 
49914 
50294 
50121 
49929 
50075 
49258 
49865 
50264 
49934 
49116 
49944 
48541 
47769 
33791 
50076 
50254 
50138 
50207 
49884 
50138 
49807 
49882 
49909 
50172 
49825 
49814 
49885 
50115 
49851 
49832 
50006 
50065 
49878 
49856 
50082 
49831 
49877 
50271 
50138 
50165 
49856 
50106 
49906 
49845 
49924 
49524 
49734 
50249 
50146 
50273 
50041 
50113 
50016 
49957 
50044 
49760 
50113 
49891 
49924 
49921 
50236 
48955 
49885 
50122 
50174 
49856 
49838 
50098 
50165 
48165 
50064 
49669 
50198 
47536 
50053 
46108 
44941 
27114 
49993 
50301 
49738 
50078 
49668 
50156 
50214 
50122 
49927 
49836 
50049 
50155 
49923 
49872 
50122 
47475 
50105 
49842 
50060 
49978 
50028 
50050 
49926 
46420 
50091 
49948 
49428 
44486 
49611 
42651 
40498 
20152 
49886 
50033 
49946 
49829 
50140 
50012 
49602 
43379 
49772 
49422 
49381 
40830 
48811 
37628 
34349 
13212 
50138 
48734 
48014 
35466 
46824 
31326 
27069 
7898 
44155 
24600 
20277 
4296 
15187 
2381 
1450 
16 
50292 
50142 
49808 
49980 
50295 
50171 
49960 
50192 
50244 
49892 
50013 
50030 
49978 
50204 
49898 
50088 
50151 
50149 
50094 
49969 
50239 
50102 
49933 
49852 
50233 
50020 
50363 
49665 
49908 
49409 
49202 
41199 
50234 
49762 
50116 
50092 
49943 
49895 
49859 
49624 
50169 
49809 
49770 
49224 
49993 
48716 
48491 
38053 
49768 
50021 
49901 
48598 
49997 
48262 
47376 
34468 
49751 
46866 
45874 
29807 
43765 
25328 
21456 
4893 
49988 
50068 
49872 
50002 
49912 
50241 
50121 
48463 
49908 
50137 
49871 
47907 
50006 
47410 
46844 
31816 
49795 
49637 
49582 
46701 
50230 
45933 
44466 
26539 
49698 
43511 
41500 
21186 
38039 
16749 
12939 
1805 
49889 
49526 
49992 
44017 
49455 
41984 
39768 
19051 
48542 
37839 
34976 
13852 
29967 
9708 
6894 
529 
47203 
31473 
27506 
8205 
22243 
5010 
3474 
164 
16019 
2722 
1692 
50 
999 
15 
8 
0 
49913 
50106 
50169 
49815 
50031 
50069 
49623 
46722 
50176 
49786 
49806 
45208 
49954 
43372 
41684 
21973 
49977 
49705 
49468 
42276 
49296 
39713 
37168 
16161 
48264 
34817 
31599 
10936 
26100 
7326 
5109 
292 
49907 
48853 
48299 
36312 
47610 
32463 
28733 
9019 
44821 
26447 
22590 
5318 
17446 
3086 
2051 
60 
40454 
19083 
15158 
2465 
10881 
1280 
753 
6 
7103 
556 
326 
1 
196 
1 
1 
0 
49723 
46442 
44874 
26792 
42016 
21980 
17847 
3384 
37565 
16096 
12424 
1670 
8412 
795 
420 
4 
30529 
10041 
7144 
582 
4627 
277 
138 
0 
2724 
108 
54 
0 
29 
0 
0 
0 
22065 
5242 
3597 
174 
2025 
47 
29 
0 
1153 
19 
6 
0 
3 
0 
0 
0 
601 
5 
4 
0 
3 
0 
0 
0 
0 
0 
0 
0 
0 
0 
0 
0 
50006 
45040 
43245 
23739 
39834 
18955 
14969 
2370 
34684 
13443 
10135 
1121 
6819 
523 
297 
2 
27563 
8162 
5643 
340 
3591 
175 
75 
1 
2070 
59 
31 
0 
19 
0 
0 
0 
19347 
4184 
2678 
95 
1652 
39 
22 
0 
949 
13 
9 
0 
3 
0 
0 
0 
514 
3 
3 
0 
4 
0 
0 
0 
0 
0 
0 
0 
0 
0 
0 
0 
12528 
1804 
1100 
10 
653 
4 
2 
0 
354 
1 
0 
0 
1 
0 
0 
0 
186 
0 
1 
0 
0 
0 
0 
0 
0 
0 
0 
0 
0 
0 
0 
0 
94 
0 
0 
0 
0 
0 
0 
0 
0 
0 
0 
0 
0 
0 
0 
0 
0 
0 
0 
0 
0 
0 
0 
0 
0 
0 
0 
0 
0 
0 
0 
0 
7452 
680 
431 
2 
232 
2 
0 
0 
120 
0 
0 
0 
0 
0 
0 
0 
64 
0 
0 
0 
0 
0 
0 
0 
0 
0 
0 
0 
0 
0 
0 
0 
26 
0 
0 
0 
0 
0 
0 
0 
0 
0 
0 
0 
0 
0 
0 
0 
0 
0 
0 
0 
0 
0 
0 
0 
0 
0 
0 
0 
0 
0 
0 
0 
16 
0 
0 
0 
0 
0 
0 
0 
0 
0 
0 
0 
0 
0 
0 
0 
0 
0 
0 
0 
0 
0 
0 
0 
0 
0 
0 
0 
0 
0 
0 
0 
0 
0 
0 
0 
0 
0 
0 
0 
0 
0 
0 
0 
0 
0 
0 
0 
0 
0 
0 
0 
0 
0 
0 
0 
0 
0 
0 
0 
0 
0 
0 
0 
12 
0 
0 
0 
0 
0 
0 
0 
0 
0 
0 
0 
0 
0 
0 
0 
0 
0 
0 
0 
0 
0 
0 
0 
0 
0 
0 
0 
0 
0 
0 
0 
0 
0 
0 
0 
0 
0 
0 
0 
0 
0 
0 
0 
0 
0 
0 
0 
0 
0 
0 
0 
0 
0 
0 
0 
0 
0 
0 
0 
0 
0 
0 
0 
0 
0 
0 
0 
0 
0 
0 
0 
0 
0 
0 
0 
0 
0 
0 
0 
0 
0 
0 
0 
0 
0 
0 
0 
0 
0 
0 
0 
0 
0 
0 
0 
0 
0 
0 
0 
0 
0 
0 
0 
0 
0 
0 
0 
0 
0 
0 
0 
0 
0 
0 
0 
0 
0 
0 
0 
0 
0 
0 
0 
0 
0 
0 
0 
0 
0 
0 
0 
0 
0 
0 
0 
0 
0 
0 
0 
0 
0 
0 
0 
0 
0 
0 
0 
0 
0 
0 
0 
0 
0 
0 
0 
0 
0 
0 
0 
0 
0 
0 
0 
0 
0 
0 
0 
0 
0 
0 
0 
0 
0 
0 
0 
0 
0 
0 
0 
0 
0 
0 
0 
0 
0 
0 
0 
0 
0 
0 
0 
0 
0 
0 
0 
0 
0 
0 
0 
0 
0 
0 
0 
0 
0 
0 
0 
0 
0 
0 
0 
0 
0 
0 
0 
0 
0 
0 
0 
0 
0 
0 
0 
0 
0 
0 
0 
0 
0 
0 
0 
0 
0 
0 
0 
0 
0 
0 
0 
0 
0 
0 
0 
0 
0 
0 
0 
0 
0 
0 
0 
0 
0 
0 
0 
