49963 
49832 
50208 
49954 
49702 
50010 
50232 
49937 
49998 
50032 
49713 
50017 
50111 
49757 
49780 
49901 
50218 
49839 
49896 
49979 
49825 
50086 
49820 
50002 
50103 
50105 
50005 
50161 
49766 
49933 
49850 
49854 
50117 
49754 
50047 
50139 
49955 
49908 
49930 
49897 
49943 
50066 
49851 
50343 
50047 
50256 
49505 
49842 
49919 
50280 
50175 
49851 
50182 
49897 
49894 
49491 
50295 
50003 
50189 
49724 
50117 
49504 
49217 
41507 
49986 
50119 
50006 
49934 
49697 
50181 
49935 
50084 
49907 
50210 
49880 
49849 
49779 
49771 
50218 
49549 
49969 
49760 
49988 
50139 
49841 
49907 
50044 
49553 
49695 
50025 
49856 
49155 
50200 
48817 
48854 
38490 
49680 
49852 
49961 
49877 
50082 
49782 
50096 
48908 
49714 
50053 
50102 
48699 
50003 
47928 
47399 
34323 
49951 
49727 
50093 
47679 
49821 
46717 
45974 
29682 
49742 
45096 
43346 
24659 
40701 
20177 
16023 
2758 
50212 
49865 
49819 
50353 
50146 
49882 
50055 
49781 
49692 
50033 
50171 
49813 
50057 
50065 
50268 
49074 
49886 
49969 
50348 
50088 
49983 
50171 
50095 
48764 
50181 
49848 
50445 
47958 
49872 
47286 
46487 
31393 
49905 
49868 
50350 
49858 
50153 
49857 
49962 
47433 
49881 
50049 
49824 
46601 
49682 
45172 
44091 
25908 
50035 
50123 
49641 
44329 
49741 
42424 
40487 
20012 
49029 
38823 
35698 
14967 
31321 
10601 
7612 
602 
50018 
49968 
50109 
49807 
50177 
49935 
50043 
44698 
50178 
49780 
49541 
42449 
49274 
40284 
37982 
17098 
49960 
48955 
49122 
38682 
48250 
35047 
31719 
11197 
46672 
29832 
25443 
7087 
20248 
4271 
2790 
110 
49763 
47934 
46848 
31339 
45074 
26839 
22902 
5469 
41442 
20535 
16428 
2925 
11687 
1464 
877 
10 
34970 
13581 
10079 
1092 
6904 
542 
293 
2 
4124 
228 
111 
0 
76 
0 
0 
0 
49864 
50269 
50235 
50058 
50010 
50032 
49987 
49967 
50057 
49848 
49710 
49944 
50266 
49888 
49965 
46885 
49922 
50194 
49758 
50136 
49887 
49856 
49970 
45772 
50188 
49755 
49626 
43997 
49446 
41781 
39763 
19392 
50102 
49795 
49994 
49872 
50169 
49740 
49538 
42594 
49881 
49638 
49268 
39652 
48263 
36688 
33677 
12860 
50151 
48496 
48045 
34928 
46712 
30968 
26971 
7760 
43772 
24675 
20387 
4433 
15525 
2510 
1572 
32 
49942 
50260 
49917 
49358 
50321 
48866 
48254 
36162 
49955 
47880 
46885 
31794 
45341 
27224 
23230 
5775 
49936 
45775 
43976 
25254 
40704 
19940 
15725 
2644 
35489 
14125 
10551 
1186 
7092 
582 
336 
1 
48954 
39981 
37146 
16154 
32386 
11431 
8389 
807 
25987 
7212 
4954 
295 
3033 
103 
64 
0 
18564 
3703 
2338 
89 
1409 
30 
12 
0 
781 
9 
2 
0 
3 
0 
0 
0 
49851 
49867 
50149 
46699 
49531 
45343 
43395 
24501 
49684 
42385 
39750 
19190 
35647 
14393 
10909 
1205 
48654 
36725 
33447 
12307 
28210 
8386 
5909 
366 
21321 
4897 
3156 
111 
1949 
51 
18 
0 
45696 
28133 
24035 
6191 
18666 
3742 
2315 
69 
12982 
1859 
1088 
21 
696 
5 
5 
0 
8161 
759 
462 
5 
284 
0 
2 
0 
142 
0 
1 
0 
0 
0 
0 
0 
39219 
18016 
13783 
2010 
9838 
1075 
617 
5 
6311 
481 
265 
0 
145 
0 
0 
0 
3701 
176 
94 
0 
43 
0 
0 
0 
28 
0 
0 
0 
0 
0 
0 
0 
2066 
58 
34 
0 
23 
0 
0 
0 
9 
0 
0 
0 
0 
0 
0 
0 
5 
0 
0 
0 
0 
0 
0 
0 
0 
0 
0 
0 
0 
0 
0 
0 
49953 
49974 
50070 
48381 
49765 
47216 
45725 
29932 
50015 
45553 
43384 
24541 
40487 
19659 
15676 
2520 
49413 
41018 
38358 
17396 
34178 
12931 
9539 
1019 
27871 
8284 
5750 
383 
3708 
149 
86 
0 
47820 
33962 
30246 
10064 
25111 
6616 
4473 
225 
18314 
3614 
2393 
58 
1392 
29 
24 
0 
12687 
1782 
1064 
23 
603 
7 
1 
0 
354 
3 
0 
0 
0 
0 
0 
0 
43475 
23950 
19933 
4243 
15216 
2375 
1556 
30 
10410 
1219 
751 
10 
404 
8 
1 
0 
6403 
512 
273 
2 
160 
0 
1 
0 
79 
0 
0 
0 
0 
0 
0 
0 
3794 
169 
97 
0 
61 
0 
0 
0 
26 
0 
0 
0 
0 
0 
0 
0 
9 
0 
0 
0 
0 
0 
0 
0 
0 
0 
0 
0 
0 
0 
0 
0 
35236 
13991 
10527 
1233 
7295 
616 
384 
0 
4526 
256 
142 
0 
76 
0 
0 
0 
2650 
113 
63 
0 
26 
0 
0 
0 
17 
0 
0 
0 
0 
0 
0 
0 
1561 
37 
15 
0 
13 
0 
0 
0 
9 
0 
0 
0 
0 
0 
0 
0 
1 
0 
0 
0 
0 
0 
0 
0 
0 
0 
0 
0 
0 
0 
0 
0 
790 
7 
7 
0 
1 
0 
0 
0 
1 
0 
0 
0 
0 
0 
0 
0 
0 
0 
0 
0 
0 
0 
0 
0 
0 
0 
0 
0 
0 
0 
0 
0 
1 
0 
0 
0 
0 
0 
0 
0 
0 
0 
0 
0 
0 
0 
0 
0 
0 
0 
0 
0 
0 
0 
0 
0 
0 
0 
0 
0 
0 
0 
0 
0 
24679 
6672 
4646 
237 
2935 
121 
74 
0 
1727 
57 
19 
0 
10 
0 
0 
0 
928 
14 
12 
0 
2 
0 
0 
0 
4 
0 
0 
0 
0 
0 
0 
0 
530 
5 
4 
0 
2 
0 
0 
0 
0 
0 
0 
0 
0 
0 
0 
0 
1 
0 
0 
0 
0 
0 
0 
0 
0 
0 
0 
0 
0 
0 
0 
0 
273 
1 
0 
0 
0 
0 
0 
0 
0 
0 
0 
0 
0 
0 
0 
0 
0 
0 
0 
0 
0 
0 
0 
0 
0 
0 
0 
0 
0 
0 
0 
0 
0 
0 
0 
0 
0 
0 
0 
0 
0 
0 
0 
0 
0 
0 
0 
0 
0 
0 
0 
0 
0 
0 
0 
0 
0 
0 
0 
0 
0 
0 
0 
0 
143 
1 
0 
0 
0 
0 
0 
0 
0 
0 
0 
0 
0 
0 
0 
0 
0 
0 
0 
0 
0 
0 
0 
0 
0 
0 
0 
0 
0 
0 
0 
0 
0 
0 
0 
0 
0 
0 
0 
0 
0 
0 
0 
0 
0 
0 
0 
0 
0 
0 
0 
0 
0 
0 
0 
0 
0 
0 
0 
0 
0 
0 
0 
0 
0 
0 
0 
0 
0 
0 
0 
0 
0 
0 
0 
0 
0 
0 
0 
0 
0 
0 
0 
0 
0 
0 
0 
0 
0 
0 
0 
0 
0 
0 
0 
0 
0 
0 
0 
0 
0 
0 
0 
0 
0 
0 
0 
0 
0 
0 
0 
0 
0 
0 
0 
0 
0 
0 
0 
0 
0 
0 
0 
0 
0 
0 
0 
0 
