125442 
125297 
124908 
125048 
124752 
124458 
125165 
124509 
124930 
124678 
125269 
124900 
125225 
124763 
125083 
124927 
124971 
124916 
125172 
125259 
124980 
125230 
125071 
124854 
124393 
125121 
124860 
124755 
124847 
124590 
124831 
121656 
125051 
125228 
125168 
124744 
124931 
125211 
125053 
125064 
125253 
125481 
125370 
124661 
124811 
124877 
124867 
120071 
124915 
125372 
124763 
125346 
125431 
125075 
124795 
118011 
125379 
124601 
124389 
115131 
124407 
111869 
108181 
61665 
124751 
124986 
125222 
124622 
125047 
125116 
124507 
125049 
125060 
125336 
124881 
125073 
125266 
125136 
125357 
116246 
125041 
125020 
125270 
124419 
124969 
124773 
124743 
112313 
125068 
124462 
123883 
107560 
123612 
101953 
95988 
45151 
124858 
124835 
124948 
124351 
124587 
124379 
123035 
103951 
124898 
123111 
121912 
97104 
120196 
88693 
80430 
29302 
124468 
120497 
118399 
83276 
114788 
73053 
63098 
17053 
107179 
57800 
47703 
9542 
35322 
5244 
3176 
50 
125056 
124983 
125128 
125047 
124334 
124766 
125562 
124457 
124833 
125265 
125023 
124289 
125173 
124375 
123143 
105524 
124879 
124724 
125239 
123610 
125089 
123226 
122442 
98349 
124474 
121779 
120436 
89322 
117636 
79929 
70779 
22098 
125100 
124937 
124912 
122298 
124956 
120243 
118771 
83742 
125333 
117094 
113905 
72069 
108653 
60663 
50560 
10909 
123994 
109340 
104734 
54612 
95965 
42286 
32996 
4561 
81445 
28693 
21170 
2010 
13648 
901 
495 
0 
125140 
124794 
125136 
115895 
124554 
111922 
108348 
60278 
124185 
104537 
98854 
46288 
88416 
35055 
26235 
3007 
120797 
91018 
82136 
29688 
69221 
20536 
14172 
908 
52890 
11608 
7635 
298 
4721 
120 
53 
0 
113732 
69368 
59364 
14860 
45792 
8826 
5634 
150 
32262 
4563 
2620 
39 
1515 
13 
8 
0 
20588 
1950 
1109 
9 
645 
1 
0 
0 
314 
1 
0 
0 
0 
0 
0 
0 
124702 
125311 
125095 
124457 
124919 
125383 
125021 
122482 
124915 
125416 
124993 
121316 
125060 
119362 
118125 
82443 
124937 
125103 
125338 
118613 
124370 
115498 
112768 
69030 
123873 
110390 
105263 
56033 
96834 
44318 
34650 
5032 
124922 
124271 
124442 
111110 
124399 
105338 
100207 
48949 
122396 
96383 
88360 
35589 
76361 
25081 
18100 
1385 
118235 
79915 
70462 
21105 
56814 
13322 
8870 
367 
41322 
7261 
4604 
110 
2533 
35 
20 
0 
124814 
123462 
122059 
94725 
119167 
85679 
76531 
26218 
114245 
71436 
61055 
15921 
48019 
9853 
6187 
207 
104059 
52346 
41923 
7580 
30782 
4091 
2421 
37 
20128 
1852 
1022 
6 
548 
1 
1 
0 
85499 
32173 
24057 
2598 
16112 
1184 
700 
3 
9839 
497 
286 
1 
135 
0 
1 
0 
5829 
174 
95 
0 
39 
0 
0 
0 
22 
0 
0 
0 
0 
0 
0 
0 
124462 
115781 
112203 
67281 
105309 
55073 
44521 
8348 
93721 
39882 
30599 
3947 
21212 
1992 
1176 
7 
75875 
24688 
17681 
1439 
11570 
628 
324 
0 
6855 
248 
122 
0 
76 
0 
0 
0 
54846 
12886 
8598 
397 
5216 
151 
66 
0 
3066 
63 
25 
0 
17 
0 
0 
0 
1677 
20 
11 
0 
9 
0 
0 
0 
3 
0 
0 
0 
0 
0 
0 
0 
35312 
5680 
3476 
55 
2046 
26 
11 
0 
1066 
11 
4 
0 
2 
0 
0 
0 
615 
3 
3 
0 
0 
0 
0 
0 
0 
0 
0 
0 
0 
0 
0 
0 
304 
2 
0 
0 
0 
0 
0 
0 
0 
0 
0 
0 
0 
0 
0 
0 
0 
0 
0 
0 
0 
0 
0 
0 
0 
0 
0 
0 
0 
0 
0 
0 
124994 
125331 
125130 
125095 
124862 
124988 
124416 
112467 
125020 
124294 
123952 
107082 
123024 
101591 
95280 
43658 
124978 
123285 
122913 
97574 
120580 
88707 
80464 
28951 
115943 
75122 
64914 
18132 
51790 
11385 
7316 
251 
124301 
119403 
117786 
79398 
113329 
67986 
57854 
14209 
103985 
52443 
42100 
7508 
30534 
4172 
2406 
19 
88555 
34984 
26091 
3013 
18034 
1462 
849 
6 
11090 
608 
343 
2 
182 
0 
0 
0 
124006 
109596 
104168 
53939 
94907 
42016 
32162 
4405 
80779 
28307 
20672 
1865 
13521 
880 
515 
2 
61764 
16203 
11093 
596 
6894 
232 
120 
0 
3963 
83 
44 
0 
38 
0 
0 
0 
42367 
7779 
4905 
143 
2971 
55 
23 
0 
1637 
15 
5 
0 
1 
0 
0 
0 
867 
8 
1 
0 
0 
0 
0 
0 
0 
0 
0 
0 
0 
0 
0 
0 
120352 
87947 
78386 
27324 
65547 
18381 
12738 
730 
50474 
10787 
7113 
262 
4117 
112 
52 
0 
34534 
5298 
3332 
57 
1906 
15 
13 
0 
1014 
7 
4 
0 
0 
0 
0 
0 
21193 
2141 
1271 
14 
690 
4 
1 
0 
350 
0 
0 
0 
0 
0 
0 
0 
205 
0 
0 
0 
0 
0 
0 
0 
0 
0 
0 
0 
0 
0 
0 
0 
12360 
764 
450 
1 
243 
1 
0 
0 
125 
1 
0 
0 
0 
0 
0 
0 
54 
0 
0 
0 
0 
0 
0 
0 
0 
0 
0 
0 
0 
0 
0 
0 
36 
0 
0 
0 
0 
0 
0 
0 
0 
0 
0 
0 
0 
0 
0 
0 
0 
0 
0 
0 
0 
0 
0 
0 
0 
0 
0 
0 
0 
0 
0 
0 
106966 
57493 
46648 
9473 
35496 
5438 
3277 
72 
24292 
2743 
1607 
15 
875 
6 
0 
0 
15094 
1148 
634 
3 
348 
0 
0 
0 
187 
0 
1 
0 
0 
0 
0 
0 
8738 
447 
206 
0 
137 
0 
0 
0 
73 
0 
0 
0 
0 
0 
0 
0 
41 
0 
0 
0 
0 
0 
0 
0 
0 
0 
0 
0 
0 
0 
0 
0 
4698 
143 
75 
0 
36 
0 
0 
0 
13 
0 
0 
0 
0 
0 
0 
0 
6 
0 
0 
0 
0 
0 
0 
0 
0 
0 
0 
0 
0 
0 
0 
0 
8 
0 
0 
0 
0 
0 
0 
0 
0 
0 
0 
0 
0 
0 
0 
0 
0 
0 
0 
0 
0 
0 
0 
0 
0 
0 
0 
0 
0 
0 
0 
0 
2545 
40 
19 
1 
9 
0 
0 
0 
5 
0 
0 
0 
0 
0 
0 
0 
3 
0 
0 
0 
0 
0 
0 
0 
0 
0 
0 
0 
0 
0 
0 
0 
1 
0 
0 
0 
0 
0 
0 
0 
0 
0 
0 
0 
0 
0 
0 
0 
0 
0 
0 
0 
0 
0 
0 
0 
0 
0 
0 
0 
0 
0 
0 
0 
2 
0 
0 
0 
0 
0 
0 
0 
0 
0 
0 
0 
0 
0 
0 
0 
0 
0 
0 
0 
0 
0 
0 
0 
0 
0 
0 
0 
0 
0 
0 
0 
0 
0 
0 
0 
0 
0 
0 
0 
0 
0 
0 
0 
0 
0 
0 
0 
0 
0 
0 
0 
0 
0 
0 
0 
0 
0 
0 
0 
0 
0 
0 
0 
