125093 
125086 
124887 
125127 
124767 
124510 
125482 
124741 
124733 
124870 
125178 
125215 
124769 
125405 
125082 
125136 
124740 
125396 
124544 
125077 
125033 
124710 
124990 
125151 
124990 
125142 
124913 
124800 
124921 
125362 
125180 
124842 
124962 
124890 
125469 
125037 
125218 
124724 
124473 
124947 
124915 
125233 
124789 
125089 
125118 
125290 
124923 
125303 
124839 
125124 
124926 
125198 
125127 
125076 
124599 
124741 
125062 
125455 
124912 
125315 
125142 
124802 
124756 
125094 
125098 
125428 
124882 
124979 
124497 
124796 
125010 
124949 
124920 
124775 
124852 
124528 
124845 
124959 
124934 
125515 
125207 
124982 
124903 
125121 
124989 
125351 
124854 
124687 
124701 
124977 
125340 
124860 
125332 
124864 
125031 
124184 
125402 
125121 
124625 
124837 
124859 
124516 
124872 
125212 
124952 
124996 
125047 
124897 
124898 
124790 
124661 
123498 
124956 
125454 
124975 
124965 
124921 
125139 
124718 
123089 
124752 
124561 
124887 
121989 
124810 
120746 
118727 
83943 
124476 
124986 
124836 
124918 
125371 
125010 
125112 
124333 
124827 
125222 
125065 
125183 
125270 
124904 
124929 
124387 
125186 
125110 
124719 
124921 
125319 
125083 
125061 
125306 
125167 
124942 
124514 
125311 
125201 
124828 
125192 
122848 
124550 
125024 
125235 
124939 
125038 
125162 
125077 
125340 
124844 
125293 
125332 
125122 
124681 
124402 
124815 
122188 
124723 
125017 
124928 
125627 
125312 
125101 
125230 
120842 
124751 
124570 
124586 
118341 
125011 
115686 
112807 
68094 
124683 
124618 
124775 
124911 
125249 
125011 
125281 
125335 
124612 
125069 
125053 
125300 
124810 
125054 
124598 
118929 
125004 
125080 
125523 
124893 
124947 
125145 
125006 
116229 
124772 
124791 
124905 
111802 
123960 
107273 
100718 
50396 
125187 
125361 
125368 
124476 
124412 
124415 
124038 
108742 
125150 
124202 
123352 
101677 
121692 
94183 
85161 
33070 
125239 
122471 
120175 
88545 
116734 
78115 
67689 
19649 
110304 
61837 
51288 
10782 
38287 
6058 
3899 
58 
124916 
124765 
124973 
125447 
125266 
124466 
125190 
125281 
124931 
125027 
124653 
124854 
124990 
124584 
125075 
124764 
124766 
125283 
124535 
125069 
124773 
125005 
125152 
124324 
125010 
124887 
125282 
123853 
124805 
123196 
123033 
102954 
125023 
124915 
125012 
124915 
125035 
125175 
125051 
123982 
124759 
125122 
124787 
122833 
125263 
122263 
121580 
95028 
124793 
124812 
124999 
121655 
124981 
120035 
118601 
85147 
124415 
117408 
115223 
74701 
110375 
63644 
54407 
12433 
125274 
125356 
125058 
124683 
124750 
125579 
124870 
121855 
125065 
124869 
124671 
120702 
124608 
118805 
116476 
79822 
125264 
124637 
124794 
117227 
124605 
114466 
111298 
66844 
124287 
108660 
103148 
53738 
94868 
41737 
32230 
4557 
125078 
124489 
124414 
109535 
123967 
104332 
98989 
47528 
121955 
95135 
86664 
34360 
74862 
24294 
17267 
1303 
117618 
78858 
68557 
20456 
55328 
13065 
8571 
367 
40627 
7052 
4395 
107 
2523 
35 
25 
0 
124703 
125063 
125205 
125111 
124632 
124565 
125066 
116504 
124823 
124330 
124717 
113290 
123651 
108926 
104084 
55118 
124801 
124460 
123979 
105544 
122876 
98848 
92135 
39968 
120406 
88014 
78711 
27786 
66251 
18585 
12750 
709 
125114 
122444 
121005 
90988 
118272 
81230 
71719 
22395 
112017 
66684 
55898 
13202 
42989 
7907 
4796 
134 
100116 
47933 
37699 
6086 
27105 
3202 
1851 
14 
17480 
1433 
830 
8 
431 
1 
0 
0 
125012 
115798 
111888 
67136 
105355 
54955 
44827 
8430 
93948 
39787 
30635 
4079 
21231 
2044 
1171 
3 
75755 
24818 
17811 
1434 
11416 
657 
348 
4 
6891 
240 
126 
0 
68 
0 
0 
0 
54819 
12802 
8477 
345 
5144 
141 
74 
0 
2947 
51 
24 
0 
12 
0 
0 
0 
1588 
15 
5 
0 
1 
0 
0 
0 
4 
0 
0 
0 
0 
0 
0 
0 
124296 
112270 
108001 
59451 
99474 
47539 
37638 
6047 
86896 
33559 
25255 
2747 
17117 
1404 
779 
7 
68758 
19994 
14301 
968 
9100 
447 
232 
2 
5246 
149 
76 
0 
37 
0 
0 
0 
49097 
10352 
6921 
248 
4093 
98 
46 
0 
2316 
31 
22 
0 
7 
0 
0 
0 
1218 
13 
8 
0 
3 
0 
0 
0 
1 
0 
0 
0 
0 
0 
0 
0 
31558 
4639 
2845 
36 
1639 
19 
9 
0 
928 
6 
2 
0 
0 
0 
0 
0 
466 
0 
0 
0 
0 
0 
0 
0 
0 
0 
0 
0 
0 
0 
0 
0 
237 
1 
0 
0 
0 
0 
0 
0 
0 
0 
0 
0 
0 
0 
0 
0 
0 
0 
0 
0 
0 
0 
0 
0 
0 
0 
0 
0 
0 
0 
0 
0 
18329 
1727 
984 
0 
515 
0 
2 
0 
303 
0 
0 
0 
0 
0 
0 
0 
183 
0 
0 
0 
0 
0 
0 
0 
0 
0 
0 
0 
0 
0 
0 
0 
83 
0 
0 
0 
0 
0 
0 
0 
0 
0 
0 
0 
0 
0 
0 
0 
0 
0 
0 
0 
0 
0 
0 
0 
0 
0 
0 
0 
0 
0 
0 
0 
25 
0 
0 
0 
0 
0 
0 
0 
0 
0 
0 
0 
0 
0 
0 
0 
0 
0 
0 
0 
0 
0 
0 
0 
0 
0 
0 
0 
0 
0 
0 
0 
0 
0 
0 
0 
0 
0 
0 
0 
0 
0 
0 
0 
0 
0 
0 
0 
0 
0 
0 
0 
0 
0 
0 
0 
0 
0 
0 
0 
0 
0 
0 
0 
29 
0 
0 
0 
0 
0 
0 
0 
0 
0 
0 
0 
0 
0 
0 
0 
0 
0 
0 
0 
0 
0 
0 
0 
0 
0 
0 
0 
0 
0 
0 
0 
0 
0 
0 
0 
0 
0 
0 
0 
0 
0 
0 
0 
0 
0 
0 
0 
0 
0 
0 
0 
0 
0 
0 
0 
0 
0 
0 
0 
0 
0 
0 
0 
0 
0 
0 
0 
0 
0 
0 
0 
0 
0 
0 
0 
0 
0 
0 
0 
0 
0 
0 
0 
0 
0 
0 
0 
0 
0 
0 
0 
0 
0 
0 
0 
0 
0 
0 
0 
0 
0 
0 
0 
0 
0 
0 
0 
0 
0 
0 
0 
0 
0 
0 
0 
0 
0 
0 
0 
0 
0 
0 
0 
0 
0 
0 
0 
0 
0 
0 
0 
0 
0 
0 
0 
0 
0 
0 
0 
0 
0 
0 
0 
0 
0 
0 
0 
0 
0 
0 
0 
0 
0 
0 
0 
0 
0 
0 
0 
0 
0 
0 
0 
0 
0 
0 
0 
0 
0 
0 
0 
0 
0 
0 
0 
0 
0 
0 
0 
0 
0 
0 
0 
0 
0 
0 
0 
0 
0 
0 
0 
0 
0 
0 
0 
0 
0 
0 
0 
0 
0 
0 
0 
0 
0 
0 
0 
0 
0 
0 
0 
0 
0 
0 
0 
0 
0 
0 
0 
0 
0 
0 
0 
0 
0 
0 
0 
0 
0 
0 
0 
0 
0 
0 
0 
0 
0 
0 
0 
0 
0 
0 
0 
0 
0 
0 
0 
0 
0 
0 
0 
0 
0 
0 
0 
