124833 
124837 
125287 
124545 
125136 
125069 
125081 
124979 
125110 
125214 
124571 
125278 
125093 
124856 
124976 
124695 
125130 
124790 
125033 
125226 
124661 
124475 
125361 
125121 
124736 
125373 
124809 
125041 
124947 
125109 
125212 
124690 
125320 
124596 
124508 
125089 
125151 
125049 
124755 
125149 
125383 
125314 
124972 
125140 
124974 
125018 
124907 
125000 
124942 
124962 
124899 
125023 
124950 
125079 
125356 
124767 
124685 
124573 
125157 
124820 
125078 
124563 
124169 
117306 
124900 
124877 
124639 
124628 
125043 
125117 
124996 
124864 
125090 
124704 
124898 
125045 
124951 
124715 
124971 
125365 
125451 
125283 
124987 
125431 
125156 
124902 
124839 
124306 
125196 
124821 
125059 
125316 
124843 
124309 
124623 
112661 
124805 
125037 
125067 
125278 
125432 
124841 
124797 
124861 
124798 
124571 
124979 
124633 
124818 
124608 
123780 
107456 
124843 
124475 
125042 
123950 
124736 
123640 
122398 
101084 
125275 
122196 
121220 
92915 
119199 
84320 
75272 
25514 
125419 
125170 
124813 
124993 
124867 
124794 
125142 
125070 
124650 
124876 
125839 
124835 
124798 
125262 
124932 
124346 
125063 
125089 
125454 
125003 
124988 
125003 
124831 
123851 
125125 
125409 
125122 
123796 
124930 
122822 
122183 
97228 
124959 
125166 
125140 
124981 
124827 
124981 
125042 
122740 
124823 
124770 
125082 
121905 
124750 
120597 
118767 
86821 
124804 
125004 
125654 
119462 
125448 
117619 
114680 
74327 
124295 
112785 
108775 
62167 
101356 
49876 
40160 
6890 
124650 
125425 
124991 
124703 
124985 
124976 
124767 
119143 
125022 
125106 
124885 
116462 
124398 
113201 
109924 
64730 
124857 
124856 
124466 
111075 
124096 
105753 
100234 
49714 
122002 
96186 
88485 
36102 
76635 
25529 
18185 
1484 
124739 
123356 
122662 
97955 
120826 
89713 
81609 
29553 
116327 
75720 
65856 
18566 
52419 
11555 
7562 
278 
106686 
56760 
46171 
8946 
33814 
4990 
2926 
33 
22614 
2268 
1325 
13 
758 
5 
2 
0 
125296 
125451 
124718 
125125 
124913 
124973 
124967 
125023 
125010 
124990 
124992 
124488 
125722 
124910 
124597 
115632 
125197 
125224 
124868 
124743 
125062 
124543 
124108 
111813 
125111 
124159 
124165 
106255 
123068 
100799 
94535 
43107 
124716 
125019 
124892 
124199 
125051 
123191 
123254 
101581 
124841 
122530 
121738 
93472 
119325 
84849 
76198 
25992 
124911 
119342 
117177 
79204 
112885 
68142 
58395 
14498 
104836 
53040 
42874 
7625 
31142 
4091 
2517 
40 
124728 
124604 
124777 
120683 
124996 
119084 
116303 
78004 
124610 
114578 
110387 
65224 
104238 
53402 
43528 
8047 
123908 
104992 
98530 
46738 
88375 
35400 
26627 
3058 
72785 
22846 
15998 
1182 
10261 
530 
316 
0 
119504 
85150 
75156 
25023 
62640 
16683 
11242 
584 
47010 
9398 
6080 
185 
3558 
56 
44 
0 
31183 
4354 
2595 
39 
1522 
13 
9 
0 
730 
4 
4 
0 
0 
0 
0 
0 
124941 
123476 
122999 
99453 
121592 
91533 
83830 
31726 
117268 
78452 
69256 
20750 
56566 
13303 
8940 
354 
109312 
60830 
50692 
10912 
38531 
6306 
4033 
71 
26698 
3180 
1859 
24 
1048 
6 
6 
0 
93604 
40192 
31312 
4242 
22106 
2190 
1254 
14 
14081 
992 
546 
2 
330 
1 
0 
0 
8470 
358 
191 
0 
108 
1 
0 
0 
77 
0 
0 
0 
0 
0 
0 
0 
68706 
20483 
14576 
1026 
9577 
472 
245 
0 
5605 
180 
99 
0 
69 
0 
0 
0 
3252 
66 
31 
0 
12 
0 
0 
0 
9 
0 
0 
0 
0 
0 
0 
0 
1609 
14 
6 
0 
7 
0 
0 
0 
0 
0 
0 
0 
0 
0 
0 
0 
0 
0 
0 
0 
0 
0 
0 
0 
0 
0 
0 
0 
0 
0 
0 
0 
125344 
124280 
125093 
124745 
124929 
124635 
123664 
105830 
125133 
123652 
122898 
99273 
120746 
90658 
82777 
31521 
125369 
121334 
119279 
85375 
115836 
75850 
65714 
18737 
109212 
60801 
50476 
10696 
38307 
6291 
3787 
60 
124670 
114548 
110810 
65626 
103851 
53398 
43726 
8165 
92418 
39175 
30058 
3898 
20717 
1959 
1092 
5 
74427 
24021 
17321 
1375 
11206 
628 
313 
1 
6801 
222 
126 
0 
71 
0 
0 
0 
122896 
99780 
92354 
40017 
82039 
29552 
21719 
2094 
66232 
18698 
13102 
823 
8213 
344 
184 
0 
48917 
10150 
6776 
231 
4095 
97 
54 
0 
2323 
38 
25 
0 
12 
0 
0 
0 
32046 
4814 
3008 
43 
1734 
20 
11 
0 
937 
8 
5 
0 
2 
0 
0 
0 
513 
0 
1 
0 
0 
0 
0 
0 
0 
0 
0 
0 
0 
0 
0 
0 
110845 
64630 
54296 
13123 
42757 
8026 
5051 
135 
30280 
4124 
2549 
44 
1446 
15 
12 
0 
19335 
1827 
1021 
10 
563 
2 
4 
0 
360 
0 
0 
0 
0 
0 
0 
0 
10524 
588 
367 
0 
195 
0 
0 
0 
99 
0 
0 
0 
0 
0 
0 
0 
44 
0 
0 
0 
0 
0 
0 
0 
0 
0 
0 
0 
0 
0 
0 
0 
3569 
90 
58 
0 
32 
0 
0 
0 
13 
0 
0 
0 
0 
0 
0 
0 
4 
0 
0 
0 
0 
0 
0 
0 
0 
0 
0 
0 
0 
0 
0 
0 
5 
0 
0 
0 
0 
0 
0 
0 
0 
0 
0 
0 
0 
0 
0 
0 
0 
0 
0 
0 
0 
0 
0 
0 
0 
0 
0 
0 
0 
0 
0 
0 
45141 
9228 
6508 
215 
4232 
107 
53 
0 
2703 
53 
32 
0 
12 
0 
0 
0 
1636 
18 
8 
0 
3 
0 
0 
0 
4 
0 
0 
0 
0 
0 
0 
0 
973 
11 
3 
0 
3 
0 
0 
0 
1 
0 
0 
0 
0 
0 
0 
0 
0 
0 
0 
0 
0 
0 
0 
0 
0 
0 
0 
0 
0 
0 
0 
0 
562 
3 
3 
0 
1 
0 
0 
0 
1 
0 
0 
0 
0 
0 
0 
0 
0 
0 
0 
0 
0 
0 
0 
0 
0 
0 
0 
0 
0 
0 
0 
0 
0 
0 
0 
0 
0 
0 
0 
0 
0 
0 
0 
0 
0 
0 
0 
0 
0 
0 
0 
0 
0 
0 
0 
0 
0 
0 
0 
0 
0 
0 
0 
0 
302 
0 
0 
0 
0 
0 
0 
0 
0 
0 
0 
0 
0 
0 
0 
0 
0 
0 
0 
0 
0 
0 
0 
0 
0 
0 
0 
0 
0 
0 
0 
0 
0 
0 
0 
0 
0 
0 
0 
0 
0 
0 
0 
0 
0 
0 
0 
0 
0 
0 
0 
0 
0 
0 
0 
0 
0 
0 
0 
0 
0 
0 
0 
0 
2 
0 
0 
0 
0 
0 
0 
0 
0 
0 
0 
0 
0 
0 
0 
0 
0 
0 
0 
0 
0 
0 
0 
0 
0 
0 
0 
0 
0 
0 
0 
0 
0 
0 
0 
0 
0 
0 
0 
0 
0 
0 
0 
0 
0 
0 
0 
0 
0 
0 
0 
0 
0 
0 
0 
0 
0 
0 
0 
0 
0 
0 
0 
0 
