49985 
49993 
49885 
49841 
50099 
50130 
49834 
49890 
50207 
50003 
50005 
50062 
49671 
50043 
50133 
50035 
49943 
50225 
49981 
50184 
50099 
49829 
49946 
50250 
49672 
49919 
49822 
50073 
50092 
50304 
50292 
50251 
49856 
49791 
49949 
49907 
49769 
50022 
50016 
49864 
49898 
49918 
49998 
49955 
49949 
49884 
50245 
50113 
50193 
49696 
49905 
49846 
50162 
49827 
50098 
49892 
49884 
50152 
49910 
49845 
50065 
49955 
50021 
49394 
50107 
50022 
50231 
50033 
50027 
49937 
50151 
50016 
50380 
49638 
49719 
49926 
50265 
50223 
50033 
50067 
50209 
50200 
50007 
49976 
49739 
49743 
49819 
49960 
49835 
49992 
49904 
50214 
50078 
50044 
49760 
49218 
49962 
49807 
49824 
49953 
50231 
50202 
50030 
49730 
49863 
49928 
49926 
50012 
50063 
50005 
50018 
48880 
50164 
50260 
49831 
50244 
50070 
49893 
49970 
48397 
50160 
50005 
50055 
47898 
49720 
47029 
45995 
29989 
50079 
49917 
49965 
49810 
50081 
50320 
49933 
49987 
49913 
50211 
49996 
50170 
50054 
50086 
49957 
50027 
49784 
49813 
50048 
50061 
50204 
50126 
50115 
49958 
50031 
50016 
50015 
50217 
49963 
50252 
50000 
48378 
50069 
50020 
49787 
50144 
50239 
50207 
49845 
50181 
50313 
50071 
50196 
50055 
49924 
49757 
50033 
48015 
49944 
49986 
49977 
49767 
49765 
49880 
49946 
46756 
49859 
49959 
49829 
45663 
49593 
43947 
42332 
23263 
49625 
50118 
50153 
49956 
50008 
49708 
49905 
49946 
49874 
49842 
50102 
49818 
50047 
50069 
49596 
46135 
50097 
50067 
50198 
49731 
50102 
49994 
49731 
44040 
50195 
49308 
49370 
42075 
49052 
39754 
37012 
15827 
50161 
49985 
49893 
49714 
50046 
49656 
49270 
40210 
49762 
48914 
48571 
36731 
47281 
33186 
29456 
9326 
50089 
47658 
46655 
30247 
44627 
26124 
21808 
4944 
40506 
19488 
15351 
2522 
11060 
1317 
760 
3 
50268 
50253 
50255 
50117 
50001 
49994 
50102 
46956 
50188 
50213 
49703 
45750 
49728 
43689 
42420 
23080 
49975 
49651 
49669 
42826 
49514 
40698 
38195 
17444 
48678 
36711 
33212 
12412 
28273 
8684 
6088 
425 
49658 
49288 
48654 
37769 
47801 
33964 
30801 
10574 
46234 
28856 
24691 
6605 
19417 
4073 
2674 
89 
42108 
21547 
17688 
3335 
12919 
1824 
1172 
15 
8867 
913 
544 
6 
309 
1 
0 
0 
49866 
47092 
46027 
30142 
44237 
25568 
21240 
4862 
40186 
19360 
15316 
2601 
11241 
1342 
751 
7 
34068 
12875 
9608 
1032 
6438 
513 
260 
2 
3933 
184 
98 
0 
66 
0 
0 
0 
25970 
7171 
5066 
322 
3212 
142 
81 
0 
1872 
54 
16 
0 
8 
0 
0 
0 
1065 
18 
6 
0 
4 
0 
0 
0 
5 
0 
0 
0 
0 
0 
0 
0 
49724 
41907 
39821 
19352 
36239 
14978 
11470 
1456 
30382 
10078 
7259 
626 
4666 
299 
153 
0 
23205 
5651 
3874 
205 
2459 
66 
40 
0 
1361 
19 
14 
0 
9 
0 
0 
0 
15577 
2701 
1857 
45 
1037 
10 
6 
0 
606 
5 
0 
0 
1 
0 
0 
0 
309 
5 
0 
0 
1 
0 
0 
0 
0 
0 
0 
0 
0 
0 
0 
0 
9543 
1076 
656 
6 
376 
5 
1 
0 
203 
1 
0 
0 
0 
0 
0 
0 
114 
0 
0 
0 
0 
0 
0 
0 
0 
0 
0 
0 
0 
0 
0 
0 
61 
0 
0 
0 
0 
0 
0 
0 
0 
0 
0 
0 
0 
0 
0 
0 
0 
0 
0 
0 
0 
0 
0 
0 
0 
0 
0 
0 
0 
0 
0 
0 
50043 
49970 
49930 
49786 
50041 
49868 
50025 
49240 
49780 
50013 
50018 
49197 
50209 
48625 
47836 
35695 
50014 
49930 
49975 
48294 
50102 
47631 
46829 
31395 
49844 
45912 
44610 
26712 
41987 
22568 
18242 
3592 
49869 
49980 
49992 
46401 
49634 
45137 
43174 
24485 
49388 
41835 
39704 
19119 
36022 
14796 
11302 
1416 
48847 
37058 
33807 
12993 
29456 
9196 
6570 
485 
22734 
5522 
3824 
184 
2253 
69 
44 
0 
49877 
49368 
49705 
42530 
49209 
39736 
37196 
16461 
47929 
35404 
32041 
11406 
27043 
7952 
5538 
359 
45617 
28994 
24923 
6678 
19777 
4208 
2774 
104 
14228 
2277 
1353 
28 
827 
14 
3 
0 
41384 
21118 
17131 
3182 
12501 
1738 
1073 
11 
8653 
896 
499 
4 
290 
3 
0 
0 
5290 
367 
191 
0 
115 
0 
0 
0 
52 
0 
0 
0 
0 
0 
0 
0 
50043 
48897 
48259 
35793 
47235 
32178 
28825 
8988 
44841 
26838 
22495 
5490 
17562 
3419 
2098 
65 
40674 
19849 
15994 
2755 
11550 
1504 
825 
15 
7666 
704 
422 
1 
219 
1 
2 
0 
34037 
12755 
9656 
1048 
6491 
521 
313 
1 
4169 
223 
137 
0 
41 
0 
0 
0 
2429 
76 
44 
0 
32 
0 
0 
0 
10 
0 
0 
0 
0 
0 
0 
0 
25622 
7070 
4981 
317 
3213 
157 
71 
0 
1973 
48 
25 
0 
15 
0 
0 
0 
1116 
29 
10 
0 
6 
0 
0 
0 
1 
0 
0 
0 
0 
0 
0 
0 
620 
4 
4 
0 
2 
0 
0 
0 
4 
0 
0 
0 
0 
0 
0 
0 
2 
0 
0 
0 
0 
0 
0 
0 
0 
0 
0 
0 
0 
0 
0 
0 
3988 
164 
105 
0 
45 
0 
0 
0 
17 
0 
0 
0 
0 
0 
0 
0 
10 
0 
0 
0 
0 
0 
0 
0 
0 
0 
0 
0 
0 
0 
0 
0 
3 
0 
0 
0 
0 
0 
0 
0 
0 
0 
0 
0 
0 
0 
0 
0 
0 
0 
0 
0 
0 
0 
0 
0 
0 
0 
0 
0 
0 
0 
0 
0 
5 
0 
0 
0 
0 
0 
0 
0 
0 
0 
0 
0 
0 
0 
0 
0 
0 
0 
0 
0 
0 
0 
0 
0 
0 
0 
0 
0 
0 
0 
0 
0 
0 
0 
0 
0 
0 
0 
0 
0 
0 
0 
0 
0 
0 
0 
0 
0 
0 
0 
0 
0 
0 
0 
0 
0 
0 
0 
0 
0 
0 
0 
0 
0 
2 
0 
0 
0 
0 
0 
0 
0 
0 
0 
0 
0 
0 
0 
0 
0 
0 
0 
0 
0 
0 
0 
0 
0 
0 
0 
0 
0 
0 
0 
0 
0 
0 
0 
0 
0 
0 
0 
0 
0 
0 
0 
0 
0 
0 
0 
0 
0 
0 
0 
0 
0 
0 
0 
0 
0 
0 
0 
0 
0 
0 
0 
0 
0 
0 
0 
0 
0 
0 
0 
0 
0 
0 
0 
0 
0 
0 
0 
0 
0 
0 
0 
0 
0 
0 
0 
0 
0 
0 
0 
0 
0 
0 
0 
0 
0 
0 
0 
0 
0 
0 
0 
0 
0 
0 
0 
0 
0 
0 
0 
0 
0 
0 
0 
0 
0 
0 
0 
0 
0 
0 
0 
0 
0 
0 
0 
0 
0 
