124741 
125453 
125248 
125083 
124944 
124969 
125074 
125025 
124676 
124339 
124618 
124997 
124506 
124893 
125145 
124931 
125228 
124737 
124762 
125110 
124875 
125041 
125342 
125013 
124817 
124794 
125376 
124815 
125504 
124915 
124752 
124378 
125009 
124638 
125124 
124754 
125045 
124782 
124582 
125250 
124959 
125237 
124932 
124899 
124875 
124978 
124530 
124232 
124931 
125353 
124929 
124965 
124787 
124952 
124931 
124408 
125195 
124560 
125292 
123986 
125063 
123872 
123083 
104350 
124752 
124860 
125363 
124798 
125036 
124968 
124863 
125300 
124706 
125047 
124863 
125084 
125370 
124511 
125204 
124377 
124480 
124824 
124994 
124779 
125119 
124865 
125122 
123386 
124931 
124977 
124992 
122912 
124942 
122451 
121705 
96096 
124624 
125654 
124743 
124893 
124999 
125222 
124777 
122873 
125183 
125214 
124477 
121709 
125128 
120213 
119110 
86186 
124770 
125127 
124676 
119141 
124843 
117495 
114884 
74208 
124798 
112356 
108482 
61909 
101667 
50222 
40883 
6984 
124917 
124974 
125190 
124922 
124925 
124359 
125249 
125249 
125187 
124993 
124750 
124883 
125653 
124995 
124901 
122225 
125447 
125350 
124863 
125305 
125166 
124861 
124772 
121589 
125385 
125096 
125020 
120051 
124681 
118528 
116786 
79050 
124732 
124824 
125357 
125347 
125386 
125290 
124581 
119584 
124712 
124414 
124537 
116936 
124510 
113492 
109912 
64889 
125396 
124536 
124677 
110665 
124121 
106098 
100881 
50043 
122494 
97123 
89284 
36773 
77701 
26254 
18894 
1553 
125328 
125615 
124497 
124744 
124857 
124522 
124734 
111848 
125257 
124115 
124206 
106810 
122898 
100740 
94852 
42719 
124943 
122669 
122277 
96219 
120547 
88241 
79551 
27955 
116138 
75051 
64114 
17636 
51117 
10924 
7003 
253 
125504 
119824 
116618 
78422 
112135 
66849 
56915 
13573 
103213 
51190 
41390 
7054 
29608 
3827 
2353 
29 
87012 
33677 
25340 
2802 
17217 
1239 
734 
3 
10585 
527 
305 
0 
148 
0 
0 
0 
125243 
124760 
124827 
124959 
124742 
125210 
124775 
125154 
124950 
124453 
124426 
125024 
124851 
125234 
124877 
117733 
125068 
124932 
125237 
125282 
125197 
124930 
124505 
113905 
124881 
124063 
124880 
109873 
123387 
104834 
99659 
48645 
125067 
125070 
124893 
124417 
124986 
124522 
123874 
106793 
125036 
123282 
122878 
100287 
121214 
92068 
84605 
32574 
125384 
121652 
120309 
87445 
116729 
76644 
67429 
19490 
110124 
61698 
51528 
11217 
38678 
6382 
4012 
66 
124927 
125055 
125086 
123163 
124770 
121533 
120426 
90913 
124841 
119404 
117515 
79519 
112610 
68600 
58475 
14622 
124590 
113626 
109614 
62881 
102063 
49669 
40023 
6932 
88782 
35171 
26372 
3058 
17741 
1425 
825 
6 
123022 
101001 
93544 
40457 
81760 
28929 
21174 
2018 
65628 
18043 
12360 
733 
7695 
291 
159 
0 
46934 
9259 
5940 
184 
3584 
59 
40 
0 
1936 
28 
5 
0 
8 
0 
0 
0 
124839 
124737 
124914 
116907 
124430 
112280 
108821 
61865 
123639 
106108 
99172 
47911 
89486 
36100 
27449 
3182 
121497 
92381 
83410 
30807 
70508 
21052 
14872 
996 
54158 
12295 
8061 
307 
4718 
112 
71 
0 
114404 
70453 
60228 
15245 
46854 
9341 
5771 
177 
32765 
4645 
2932 
45 
1620 
19 
8 
0 
20778 
1929 
1206 
6 
626 
4 
2 
0 
350 
0 
0 
0 
0 
0 
0 
0 
98323 
45398 
35458 
5286 
25064 
2800 
1623 
12 
16345 
1224 
668 
3 
373 
0 
0 
0 
9717 
468 
245 
0 
126 
0 
0 
0 
82 
0 
0 
0 
0 
0 
0 
0 
5401 
160 
70 
0 
37 
0 
0 
0 
23 
0 
0 
0 
0 
0 
0 
0 
18 
0 
0 
0 
0 
0 
0 
0 
0 
0 
0 
0 
0 
0 
0 
0 
125315 
124902 
125049 
119819 
124819 
117849 
114897 
74194 
124758 
113074 
108531 
61439 
100927 
49532 
39433 
6804 
123486 
102571 
96604 
44028 
85127 
32047 
24099 
2564 
69938 
20646 
14414 
985 
9156 
411 
237 
1 
119383 
85065 
75596 
24830 
62636 
16606 
11090 
596 
46869 
9320 
5959 
176 
3505 
72 
37 
0 
31647 
4387 
2673 
50 
1535 
11 
12 
0 
768 
5 
1 
0 
2 
0 
0 
0 
109229 
60332 
50179 
10656 
37923 
6133 
3760 
79 
25811 
3037 
1796 
15 
958 
6 
3 
0 
16193 
1254 
755 
3 
395 
0 
0 
0 
192 
0 
0 
0 
0 
0 
0 
0 
9453 
476 
274 
0 
144 
0 
0 
0 
56 
0 
0 
0 
0 
0 
0 
0 
33 
0 
0 
0 
0 
0 
0 
0 
0 
0 
0 
0 
0 
0 
0 
0 
88612 
34991 
26733 
3167 
18245 
1619 
915 
5 
11584 
678 
387 
2 
223 
0 
0 
0 
6887 
271 
161 
1 
77 
0 
0 
0 
47 
0 
0 
0 
0 
0 
0 
0 
3761 
85 
44 
0 
20 
0 
0 
0 
13 
0 
0 
0 
0 
0 
0 
0 
10 
0 
0 
0 
0 
0 
0 
0 
0 
0 
0 
0 
0 
0 
0 
0 
1969 
28 
9 
0 
8 
0 
0 
0 
4 
0 
0 
0 
0 
0 
0 
0 
1 
0 
0 
0 
0 
0 
0 
0 
0 
0 
0 
0 
0 
0 
0 
0 
1 
0 
0 
0 
0 
0 
0 
0 
0 
0 
0 
0 
0 
0 
0 
0 
0 
0 
0 
0 
0 
0 
0 
0 
0 
0 
0 
0 
0 
0 
0 
0 
61747 
16484 
11623 
660 
7394 
291 
154 
0 
4450 
126 
65 
0 
36 
0 
0 
0 
2478 
38 
14 
0 
11 
0 
0 
0 
3 
0 
0 
0 
0 
0 
0 
0 
1315 
20 
7 
0 
3 
0 
0 
0 
5 
0 
0 
0 
0 
0 
0 
0 
0 
0 
0 
0 
0 
0 
0 
0 
0 
0 
0 
0 
0 
0 
0 
0 
704 
2 
1 
0 
0 
0 
0 
0 
0 
0 
0 
0 
0 
0 
0 
0 
0 
0 
0 
0 
0 
0 
0 
0 
0 
0 
0 
0 
0 
0 
0 
0 
0 
0 
0 
0 
0 
0 
0 
0 
0 
0 
0 
0 
0 
0 
0 
0 
0 
0 
0 
0 
0 
0 
0 
0 
0 
0 
0 
0 
0 
0 
0 
0 
352 
1 
0 
0 
0 
0 
0 
0 
0 
0 
0 
0 
0 
0 
0 
0 
0 
0 
0 
0 
0 
0 
0 
0 
0 
0 
0 
0 
0 
0 
0 
0 
0 
0 
0 
0 
0 
0 
0 
0 
0 
0 
0 
0 
0 
0 
0 
0 
0 
0 
0 
0 
0 
0 
0 
0 
0 
0 
0 
0 
0 
0 
0 
0 
0 
0 
0 
0 
0 
0 
0 
0 
0 
0 
0 
0 
0 
0 
0 
0 
0 
0 
0 
0 
0 
0 
0 
0 
0 
0 
0 
0 
0 
0 
0 
0 
0 
0 
0 
0 
0 
0 
0 
0 
0 
0 
0 
0 
0 
0 
0 
0 
0 
0 
0 
0 
0 
0 
0 
0 
0 
0 
0 
0 
0 
0 
0 
0 
