50185 
49689 
50046 
49746 
49957 
50109 
49855 
49974 
49892 
49949 
50128 
49802 
50166 
50337 
49793 
49759 
49979 
49736 
49709 
50182 
49896 
49859 
50097 
50136 
49880 
49780 
49929 
49816 
49995 
50272 
49929 
49972 
50115 
50037 
50026 
49750 
49869 
49970 
50054 
50202 
50213 
50026 
50062 
50152 
49900 
50036 
50002 
49528 
49819 
49931 
50235 
50074 
49951 
50245 
50136 
49928 
50031 
50030 
50076 
49568 
49971 
50020 
49041 
41285 
50145 
49815 
50252 
50128 
50041 
49888 
50087 
49942 
50430 
50190 
50038 
49863 
49899 
50099 
50211 
49617 
49802 
50249 
50210 
50126 
49982 
50033 
50038 
49507 
50039 
50100 
49775 
49238 
50005 
49081 
48562 
38418 
50020 
50172 
50129 
50155 
49916 
49891 
50026 
48782 
49973 
50200 
49994 
48511 
50125 
47962 
47658 
34517 
49887 
49481 
49959 
47610 
49942 
46942 
45677 
29682 
49863 
44887 
43726 
24768 
40671 
19893 
16412 
2804 
50059 
49826 
49874 
49961 
50037 
50231 
49810 
50132 
49814 
49678 
49776 
49947 
49986 
50054 
49889 
48706 
50199 
50208 
50074 
49751 
49807 
49958 
50111 
48869 
50073 
50110 
50021 
48243 
49862 
47716 
46476 
31480 
49809 
50074 
49986 
50024 
50160 
49806 
49828 
47837 
49591 
49942 
50093 
46452 
49677 
45271 
43824 
25798 
50065 
50141 
49867 
44365 
49796 
42508 
40270 
19906 
49172 
38743 
35923 
14782 
31139 
10610 
7608 
625 
49808 
49869 
50190 
50105 
50333 
49902 
50066 
44605 
50173 
49434 
49614 
42514 
49214 
40395 
37774 
17030 
50273 
49435 
48784 
38782 
48083 
35562 
31853 
11467 
46220 
30015 
25657 
7072 
20282 
4356 
2856 
83 
50245 
47710 
46974 
31612 
45093 
27159 
22744 
5498 
41367 
20691 
16499 
2902 
11851 
1459 
872 
11 
35075 
13599 
10275 
1106 
6914 
549 
319 
0 
4147 
230 
125 
1 
68 
0 
0 
0 
50073 
49974 
50102 
49876 
50083 
50014 
50245 
49764 
50063 
50046 
49988 
50012 
49872 
50259 
49559 
47047 
49853 
50029 
49849 
50185 
49874 
49782 
49774 
45718 
49674 
49759 
49981 
44220 
49491 
41967 
39704 
19360 
49893 
49947 
50008 
49801 
50137 
49792 
49303 
42585 
49988 
49085 
49037 
40159 
48329 
36761 
33779 
12914 
49882 
48728 
48024 
34857 
46680 
30965 
26715 
7778 
44159 
25085 
20409 
4425 
15264 
2548 
1549 
25 
50172 
49982 
49861 
49076 
49873 
48940 
48568 
36276 
50137 
47691 
47075 
31993 
45078 
27381 
23665 
5946 
49574 
45373 
43344 
24859 
41149 
20075 
16020 
2675 
35574 
14001 
10538 
1172 
7038 
550 
325 
0 
49275 
40447 
37144 
15989 
32651 
11604 
8606 
791 
26070 
7203 
4841 
300 
3071 
120 
52 
0 
18825 
3750 
2333 
70 
1398 
27 
21 
0 
797 
13 
8 
0 
2 
0 
0 
0 
49820 
49883 
50281 
46756 
49851 
45534 
43467 
24796 
49512 
42589 
40062 
19335 
35786 
14507 
11006 
1283 
48423 
36664 
33322 
12306 
28485 
8513 
5924 
415 
21903 
5027 
3218 
123 
1985 
48 
27 
0 
45941 
28416 
24075 
6121 
18783 
3677 
2356 
71 
13227 
1877 
1159 
15 
644 
4 
2 
0 
8364 
837 
474 
2 
264 
1 
2 
0 
129 
0 
0 
0 
0 
0 
0 
0 
39323 
18000 
14047 
2127 
9930 
1146 
698 
4 
6527 
458 
290 
0 
146 
1 
0 
0 
3740 
189 
100 
0 
51 
0 
0 
0 
32 
0 
0 
0 
0 
0 
0 
0 
2105 
71 
30 
0 
16 
0 
0 
0 
8 
0 
0 
0 
0 
0 
0 
0 
1 
0 
0 
0 
0 
0 
0 
0 
0 
0 
0 
0 
0 
0 
0 
0 
49728 
50038 
49958 
47868 
50181 
47242 
46299 
29737 
50228 
45346 
43526 
24791 
40704 
19912 
16130 
2743 
49475 
41183 
38880 
17829 
34374 
13462 
9923 
1103 
28506 
8731 
6140 
462 
3953 
169 
111 
0 
48229 
34798 
31188 
10644 
26064 
7246 
4999 
293 
20016 
4195 
2663 
86 
1700 
38 
20 
0 
13634 
2147 
1269 
24 
723 
11 
1 
0 
398 
2 
4 
0 
0 
0 
0 
0 
44181 
25524 
21653 
5208 
16944 
3169 
1926 
67 
12148 
1614 
1015 
7 
567 
4 
1 
0 
7679 
812 
460 
5 
207 
0 
0 
0 
111 
0 
0 
0 
0 
0 
0 
0 
4683 
304 
148 
0 
97 
0 
0 
0 
40 
0 
0 
0 
0 
0 
0 
0 
25 
0 
0 
0 
0 
0 
0 
0 
0 
0 
0 
0 
0 
0 
0 
0 
37664 
16980 
13191 
1976 
9575 
1109 
642 
4 
6394 
511 
296 
1 
163 
2 
0 
0 
3978 
227 
114 
0 
67 
1 
1 
0 
31 
0 
0 
0 
0 
0 
0 
0 
2328 
75 
49 
0 
14 
0 
0 
0 
9 
0 
0 
0 
0 
0 
0 
0 
6 
0 
0 
0 
0 
0 
0 
0 
0 
0 
0 
0 
0 
0 
0 
0 
1240 
27 
13 
0 
4 
0 
0 
0 
3 
0 
0 
0 
0 
0 
0 
0 
4 
0 
0 
0 
0 
0 
0 
0 
0 
0 
0 
0 
0 
0 
0 
0 
1 
0 
0 
0 
0 
0 
0 
0 
0 
0 
0 
0 
0 
0 
0 
0 
0 
0 
0 
0 
0 
0 
0 
0 
0 
0 
0 
0 
0 
0 
0 
0 
29109 
9734 
7143 
650 
5059 
316 
154 
0 
3150 
141 
75 
1 
55 
0 
0 
0 
1907 
50 
33 
0 
22 
0 
0 
0 
7 
0 
0 
0 
0 
0 
0 
0 
1100 
25 
12 
0 
3 
0 
0 
0 
5 
0 
0 
0 
0 
0 
0 
0 
3 
0 
0 
0 
0 
0 
0 
0 
0 
0 
0 
0 
0 
0 
0 
0 
598 
8 
3 
0 
2 
0 
0 
0 
1 
0 
0 
0 
0 
0 
0 
0 
0 
0 
0 
0 
0 
0 
0 
0 
0 
0 
0 
0 
0 
0 
0 
0 
0 
0 
0 
0 
0 
0 
0 
0 
0 
0 
0 
0 
0 
0 
0 
0 
0 
0 
0 
0 
0 
0 
0 
0 
0 
0 
0 
0 
0 
0 
0 
0 
320 
2 
0 
0 
0 
0 
0 
0 
0 
0 
0 
0 
0 
0 
0 
0 
1 
0 
0 
0 
0 
0 
0 
0 
0 
0 
0 
0 
0 
0 
0 
0 
0 
0 
0 
0 
0 
0 
0 
0 
0 
0 
0 
0 
0 
0 
0 
0 
0 
0 
0 
0 
0 
0 
0 
0 
0 
0 
0 
0 
0 
0 
0 
0 
0 
0 
0 
0 
0 
0 
0 
0 
0 
0 
0 
0 
0 
0 
0 
0 
0 
0 
0 
0 
0 
0 
0 
0 
0 
0 
0 
0 
0 
0 
0 
0 
0 
0 
0 
0 
0 
0 
0 
0 
0 
0 
0 
0 
0 
0 
0 
0 
0 
0 
0 
0 
0 
0 
0 
0 
0 
0 
0 
0 
0 
0 
0 
0 
