124824 
124653 
125372 
125019 
124888 
125088 
125080 
125115 
124925 
125137 
124796 
125357 
125176 
125287 
124730 
124878 
125157 
125002 
124908 
125084 
124436 
124781 
124985 
124814 
124944 
124982 
125082 
125173 
124916 
125062 
124827 
125037 
125043 
125285 
125351 
124984 
125114 
124674 
124607 
125124 
124879 
125272 
125205 
124882 
124829 
125061 
124665 
125407 
124977 
124792 
125465 
124613 
125275 
125129 
125100 
125015 
125327 
125127 
125686 
125242 
125198 
124800 
124740 
124242 
125322 
124392 
124988 
125236 
125308 
124906 
124811 
124872 
124709 
125112 
125013 
124775 
124892 
124747 
125370 
125059 
125021 
124839 
124937 
125075 
125353 
125081 
125161 
124912 
124834 
125095 
125087 
125373 
125572 
124457 
124469 
123325 
124598 
124770 
124870 
124749 
125121 
125121 
124807 
124897 
125189 
124593 
125245 
124518 
124707 
124926 
124977 
122393 
125053 
125008 
124638 
124360 
124932 
125369 
124621 
120844 
125275 
125332 
124947 
119182 
125005 
117463 
115413 
75158 
125082 
125110 
124606 
125117 
124996 
125103 
125189 
124864 
124478 
124823 
125317 
124981 
124962 
125705 
124732 
125542 
124473 
124899 
124846 
125330 
124661 
125286 
125148 
124963 
125022 
125057 
125225 
124795 
125574 
125018 
125663 
121538 
125256 
125327 
125301 
125139 
124971 
124645 
125013 
124601 
124887 
125157 
125218 
124260 
125096 
124985 
124683 
119752 
125040 
124937 
125028 
125203 
125156 
124912 
124626 
116955 
125305 
124696 
124571 
114200 
124481 
110616 
106463 
57913 
124861 
125020 
125195 
125149 
124721 
124803 
124576 
124722 
124782 
125210 
124685 
124803 
125233 
125228 
124682 
114693 
125057 
124770 
124828 
124465 
125285 
124684 
124573 
111034 
124997 
123766 
123466 
105061 
122300 
98754 
91753 
39775 
125085 
124924 
124751 
123981 
125591 
123659 
122790 
100529 
124921 
122211 
121739 
92133 
119065 
82472 
73492 
23634 
124754 
119467 
116075 
76667 
111158 
64963 
53934 
12078 
101468 
48769 
38280 
6158 
27414 
3227 
1892 
17 
125179 
125051 
124848 
125074 
124881 
125210 
124739 
117159 
125092 
124673 
124981 
114564 
124412 
110361 
105916 
58028 
124914 
124090 
124089 
107253 
123112 
101048 
94807 
43068 
121157 
90500 
82209 
30635 
70525 
21262 
14829 
1028 
125229 
122976 
121892 
94066 
119820 
85876 
76458 
26272 
114465 
72295 
62178 
16637 
48822 
10160 
6609 
210 
105252 
54278 
44044 
8263 
32722 
4637 
2793 
46 
21828 
2244 
1289 
9 
661 
1 
1 
0 
125091 
117905 
115525 
74858 
109901 
63323 
53438 
12306 
100544 
48510 
38226 
6250 
27857 
3422 
2004 
25 
84894 
32289 
23975 
2620 
16237 
1217 
702 
2 
9980 
503 
269 
0 
145 
0 
0 
0 
64851 
17940 
12632 
728 
8160 
334 
167 
0 
4811 
141 
53 
0 
41 
0 
0 
0 
2598 
51 
20 
0 
11 
0 
0 
0 
4 
0 
0 
0 
0 
0 
0 
0 
123531 
105095 
99518 
48446 
90345 
37294 
28258 
3461 
75776 
24653 
17945 
1477 
11568 
614 
327 
0 
57276 
14080 
9551 
514 
5913 
173 
97 
0 
3376 
59 
34 
0 
20 
0 
0 
0 
39380 
6724 
4255 
107 
2607 
42 
24 
0 
1434 
8 
9 
0 
2 
0 
0 
0 
735 
2 
2 
0 
0 
0 
0 
0 
1 
0 
0 
0 
0 
0 
0 
0 
23937 
2734 
1607 
21 
884 
2 
5 
0 
501 
1 
0 
0 
0 
0 
0 
0 
243 
0 
1 
0 
0 
0 
0 
0 
1 
0 
0 
0 
0 
0 
0 
0 
133 
0 
0 
0 
0 
0 
0 
0 
0 
0 
0 
0 
0 
0 
0 
0 
0 
0 
0 
0 
0 
0 
0 
0 
0 
0 
0 
0 
0 
0 
0 
0 
124717 
124760 
124897 
125028 
124734 
125287 
125189 
123627 
125095 
124821 
124796 
122801 
124531 
121785 
120091 
89804 
125170 
125179 
124969 
119969 
125164 
119043 
116679 
79250 
125111 
114965 
111509 
67155 
106021 
55660 
46134 
9077 
124825 
124758 
125392 
115817 
124582 
111924 
108086 
61737 
123926 
105287 
99542 
48220 
90400 
37475 
28182 
3516 
122030 
92889 
85095 
32634 
72804 
22890 
16450 
1186 
57473 
14039 
9459 
433 
5768 
166 
103 
0 
124843 
124280 
123483 
106001 
123280 
100063 
93540 
41163 
120738 
89142 
80312 
28749 
68165 
19986 
13906 
832 
115118 
72904 
62771 
17036 
50300 
10719 
6972 
242 
36013 
5616 
3545 
72 
2125 
20 
16 
0 
103857 
52496 
42874 
7955 
31971 
4518 
2629 
45 
21696 
2141 
1339 
8 
774 
3 
4 
0 
13571 
948 
545 
1 
292 
2 
1 
0 
128 
1 
0 
0 
0 
0 
0 
0 
125484 
121757 
120497 
89492 
117921 
80042 
71531 
22809 
112364 
67052 
56682 
13716 
44201 
8318 
5304 
119 
101134 
49748 
39583 
6842 
29303 
3774 
2226 
36 
19351 
1831 
1021 
1 
573 
2 
2 
0 
84768 
32156 
24046 
2622 
16514 
1270 
739 
2 
10506 
597 
329 
2 
168 
0 
0 
0 
6111 
200 
120 
0 
55 
0 
0 
0 
36 
0 
0 
0 
0 
0 
0 
0 
63497 
17785 
12669 
757 
7992 
345 
161 
0 
4914 
150 
81 
0 
41 
0 
0 
0 
2742 
52 
27 
0 
15 
0 
0 
0 
4 
0 
0 
0 
0 
0 
0 
0 
1479 
18 
6 
0 
6 
0 
0 
0 
1 
0 
0 
0 
0 
0 
0 
0 
1 
0 
0 
0 
0 
0 
0 
0 
0 
0 
0 
0 
0 
0 
0 
0 
9682 
425 
231 
2 
147 
0 
0 
0 
71 
0 
0 
0 
0 
0 
0 
0 
26 
0 
0 
0 
0 
0 
0 
0 
0 
0 
0 
0 
0 
0 
0 
0 
25 
0 
0 
0 
0 
0 
0 
0 
0 
0 
0 
0 
0 
0 
0 
0 
0 
0 
0 
0 
0 
0 
0 
0 
0 
0 
0 
0 
0 
0 
0 
0 
8 
0 
0 
0 
0 
0 
0 
0 
0 
0 
0 
0 
0 
0 
0 
0 
0 
0 
0 
0 
0 
0 
0 
0 
0 
0 
0 
0 
0 
0 
0 
0 
0 
0 
0 
0 
0 
0 
0 
0 
0 
0 
0 
0 
0 
0 
0 
0 
0 
0 
0 
0 
0 
0 
0 
0 
0 
0 
0 
0 
0 
0 
0 
0 
5 
0 
0 
0 
0 
0 
0 
0 
0 
0 
0 
0 
0 
0 
0 
0 
0 
0 
0 
0 
0 
0 
0 
0 
0 
0 
0 
0 
0 
0 
0 
0 
0 
0 
0 
0 
0 
0 
0 
0 
0 
0 
0 
0 
0 
0 
0 
0 
0 
0 
0 
0 
0 
0 
0 
0 
0 
0 
0 
0 
0 
0 
0 
0 
0 
0 
0 
0 
0 
0 
0 
0 
0 
0 
0 
0 
0 
0 
0 
0 
0 
0 
0 
0 
0 
0 
0 
0 
0 
0 
0 
0 
0 
0 
0 
0 
0 
0 
0 
0 
0 
0 
0 
0 
0 
0 
0 
0 
0 
0 
0 
0 
0 
0 
0 
0 
0 
0 
0 
0 
0 
0 
0 
0 
0 
0 
0 
0 
