50150 
50232 
49690 
49918 
49868 
49776 
50027 
49627 
50108 
49971 
50168 
49991 
50056 
49737 
50008 
50144 
49821 
50011 
50114 
50141 
50176 
50111 
49953 
49843 
49740 
50104 
50129 
49769 
49844 
49814 
49854 
48664 
50048 
49895 
50056 
49934 
50091 
49944 
50153 
49992 
50285 
50365 
50163 
49860 
49850 
49895 
50033 
48071 
50253 
49842 
49906 
49939 
50203 
50062 
49935 
47346 
49992 
49846 
49901 
45895 
49720 
44437 
43397 
24686 
49993 
49786 
50066 
49997 
49968 
50049 
49918 
50233 
50282 
50220 
50087 
50075 
50146 
50026 
50130 
46533 
50076 
50060 
50235 
49870 
50015 
50072 
49868 
45066 
49878 
49887 
49612 
42993 
49308 
40674 
38451 
18039 
50038 
49941 
50024 
49730 
49992 
49501 
49064 
41638 
49916 
48891 
48697 
38737 
48245 
35477 
32113 
11723 
49618 
47930 
47533 
33374 
45910 
29304 
25227 
6862 
42794 
22922 
19103 
3835 
13879 
2046 
1255 
14 
49967 
50134 
50000 
49957 
49734 
49788 
50029 
49905 
50029 
50175 
49865 
49620 
50196 
49531 
49217 
42335 
49902 
50026 
49947 
49637 
49999 
49133 
48914 
39488 
49752 
48925 
48279 
35651 
46998 
32077 
28147 
8813 
50194 
49975 
49892 
48661 
50020 
47982 
47548 
33533 
50109 
46703 
45481 
28949 
43617 
24484 
20309 
4400 
49681 
43737 
41779 
21925 
38464 
17096 
13103 
1871 
32571 
11423 
8338 
805 
5519 
378 
191 
0 
50145 
50114 
50170 
46271 
49647 
44468 
43165 
24065 
49664 
41590 
39342 
18365 
35123 
14016 
10491 
1209 
48342 
36377 
32790 
11792 
28012 
8102 
5639 
366 
21166 
4600 
3058 
98 
1823 
49 
21 
0 
45624 
27583 
23837 
5815 
18337 
3509 
2314 
69 
12841 
1849 
1015 
12 
612 
6 
2 
0 
8189 
750 
438 
5 
243 
0 
0 
0 
121 
0 
0 
0 
0 
0 
0 
0 
49942 
49973 
50261 
49945 
49848 
49974 
49963 
48886 
49966 
50117 
49887 
48323 
50194 
47932 
47296 
32951 
50085 
50223 
50161 
47526 
49870 
46231 
45066 
27474 
49536 
44167 
42076 
22500 
38968 
17707 
14024 
2005 
49868 
49907 
49902 
44699 
50035 
42259 
40278 
19711 
48941 
38491 
35507 
14328 
30539 
10152 
7154 
565 
47220 
31657 
28057 
8392 
22719 
5351 
3564 
160 
16590 
2954 
1793 
49 
1035 
13 
9 
0 
50192 
49526 
48879 
37960 
47758 
34279 
30707 
10487 
45933 
28623 
24590 
6521 
19320 
4032 
2511 
84 
41699 
20949 
16997 
3146 
12462 
1655 
984 
16 
8175 
781 
442 
4 
207 
1 
1 
0 
34191 
12865 
9437 
1007 
6393 
492 
275 
2 
3959 
200 
116 
1 
41 
0 
0 
0 
2375 
76 
35 
0 
16 
0 
0 
0 
11 
0 
0 
0 
0 
0 
0 
0 
49681 
46470 
44940 
27109 
41932 
22070 
17799 
3416 
37610 
16036 
12212 
1605 
8438 
832 
452 
2 
30368 
9935 
6894 
568 
4672 
252 
116 
0 
2796 
116 
61 
0 
34 
0 
0 
0 
22149 
5246 
3407 
165 
2039 
60 
31 
0 
1275 
24 
14 
0 
7 
0 
0 
0 
701 
9 
1 
0 
2 
0 
0 
0 
1 
0 
0 
0 
0 
0 
0 
0 
14209 
2285 
1401 
18 
840 
15 
4 
0 
455 
6 
5 
0 
1 
0 
0 
0 
253 
1 
2 
0 
0 
0 
0 
0 
0 
0 
0 
0 
0 
0 
0 
0 
109 
0 
0 
0 
0 
0 
0 
0 
0 
0 
0 
0 
0 
0 
0 
0 
0 
0 
0 
0 
0 
0 
0 
0 
0 
0 
0 
0 
0 
0 
0 
0 
49972 
49953 
49938 
50181 
49871 
49796 
49869 
44811 
50121 
49709 
49394 
42822 
49233 
40442 
37991 
17423 
49901 
49338 
49145 
39061 
48107 
35199 
32305 
11467 
46562 
29973 
26027 
7239 
20758 
4468 
2926 
105 
49700 
47828 
47014 
31733 
45358 
27029 
23207 
5701 
41364 
20912 
16889 
2977 
12225 
1683 
965 
7 
35286 
14113 
10485 
1167 
7230 
581 
363 
2 
4425 
245 
149 
1 
58 
0 
0 
0 
49361 
43899 
41639 
21541 
37812 
16850 
12727 
1731 
32298 
11173 
8231 
745 
5384 
332 
189 
1 
24633 
6506 
4385 
246 
2744 
95 
49 
0 
1612 
25 
16 
0 
15 
0 
0 
0 
16919 
3118 
1957 
45 
1152 
17 
8 
0 
618 
6 
0 
0 
1 
0 
0 
0 
337 
3 
1 
0 
0 
0 
0 
0 
0 
0 
0 
0 
0 
0 
0 
0 
48233 
35042 
31391 
10918 
26412 
7447 
5112 
305 
20236 
4271 
2843 
114 
1622 
45 
22 
0 
13849 
2176 
1330 
21 
758 
9 
3 
0 
391 
2 
3 
0 
0 
0 
0 
0 
8406 
837 
489 
6 
280 
1 
0 
0 
139 
0 
0 
0 
0 
0 
0 
0 
78 
0 
0 
0 
0 
0 
0 
0 
0 
0 
0 
0 
0 
0 
0 
0 
5050 
327 
175 
1 
85 
1 
0 
0 
47 
1 
0 
0 
0 
0 
0 
0 
23 
0 
0 
0 
0 
0 
0 
0 
0 
0 
0 
0 
0 
0 
0 
0 
12 
0 
0 
0 
0 
0 
0 
0 
0 
0 
0 
0 
0 
0 
0 
0 
0 
0 
0 
0 
0 
0 
0 
0 
0 
0 
0 
0 
0 
0 
0 
0 
42983 
22854 
18596 
3846 
14111 
2192 
1279 
27 
9689 
1099 
669 
6 
335 
1 
1 
0 
6151 
511 
257 
1 
141 
0 
0 
0 
83 
0 
0 
0 
0 
0 
0 
0 
3481 
191 
77 
0 
65 
0 
0 
0 
26 
0 
0 
0 
0 
0 
0 
0 
16 
0 
0 
0 
0 
0 
0 
0 
0 
0 
0 
0 
0 
0 
0 
0 
1860 
50 
23 
0 
17 
0 
0 
0 
5 
0 
0 
0 
0 
0 
0 
0 
1 
0 
0 
0 
0 
0 
0 
0 
0 
0 
0 
0 
0 
0 
0 
0 
7 
0 
0 
0 
0 
0 
0 
0 
0 
0 
0 
0 
0 
0 
0 
0 
0 
0 
0 
0 
0 
0 
0 
0 
0 
0 
0 
0 
0 
0 
0 
0 
1013 
14 
11 
1 
1 
0 
0 
0 
4 
0 
0 
0 
0 
0 
0 
0 
3 
0 
0 
0 
0 
0 
0 
0 
0 
0 
0 
0 
0 
0 
0 
0 
1 
0 
0 
0 
0 
0 
0 
0 
0 
0 
0 
0 
0 
0 
0 
0 
0 
0 
0 
0 
0 
0 
0 
0 
0 
0 
0 
0 
0 
0 
0 
0 
0 
0 
0 
0 
0 
0 
0 
0 
0 
0 
0 
0 
0 
0 
0 
0 
0 
0 
0 
0 
0 
0 
0 
0 
0 
0 
0 
0 
0 
0 
0 
0 
0 
0 
0 
0 
0 
0 
0 
0 
0 
0 
0 
0 
0 
0 
0 
0 
0 
0 
0 
0 
0 
0 
0 
0 
0 
0 
0 
0 
0 
0 
0 
0 
