124989 
125231 
125108 
124760 
124860 
125220 
124759 
124816 
125053 
124770 
125273 
124480 
125248 
124604 
125203 
124732 
124221 
124826 
124705 
125003 
124651 
125102 
125176 
124848 
124880 
125284 
125616 
124628 
124427 
124867 
125096 
124225 
124767 
125606 
124991 
125080 
124762 
125190 
125049 
125357 
125286 
124958 
124950 
124945 
125173 
124780 
124613 
124801 
124800 
124813 
125477 
125381 
124957 
125340 
125391 
124502 
124751 
125107 
125022 
124006 
124912 
123690 
123220 
103969 
124526 
125031 
124713 
124781 
124856 
125328 
125129 
124936 
125088 
124852 
124689 
125013 
125215 
124784 
124862 
123935 
125351 
124833 
124711 
124807 
125238 
124965 
124700 
124316 
124706 
125143 
124956 
123013 
124892 
122582 
121867 
96397 
124981 
124228 
124998 
125261 
125086 
124874 
124977 
122849 
124899 
124901 
125045 
121645 
124905 
121076 
119366 
86084 
125424 
125065 
124665 
119209 
124436 
117148 
114534 
74509 
124494 
112655 
108347 
61795 
101847 
50222 
40557 
6969 
124837 
125202 
125158 
125029 
125021 
125104 
125245 
125099 
125392 
124803 
125053 
124614 
125083 
124792 
124993 
122511 
124778 
125199 
124713 
124560 
124982 
125110 
125389 
121980 
124850 
125167 
124737 
120138 
124976 
118879 
116566 
79386 
124630 
124828 
125236 
125317 
125122 
124906 
125178 
118721 
125109 
124831 
124534 
116085 
124738 
113293 
110392 
65268 
125147 
124876 
124379 
110842 
124586 
105625 
100942 
50035 
122426 
96930 
89186 
36663 
78026 
26251 
19078 
1638 
125341 
125261 
124986 
124689 
124760 
124493 
124450 
111892 
124813 
124984 
124089 
106662 
122981 
101071 
94903 
42963 
124284 
123414 
122766 
96651 
120499 
88306 
80164 
28389 
115955 
74586 
63863 
17545 
51288 
10962 
7096 
255 
124777 
119625 
117290 
78643 
112376 
67068 
57243 
13793 
103155 
51700 
41536 
7050 
30127 
3948 
2201 
26 
87595 
33927 
25358 
2839 
17020 
1329 
764 
4 
10399 
533 
300 
0 
150 
0 
0 
0 
124654 
125000 
124606 
124916 
124949 
125194 
125021 
125327 
124906 
125326 
124903 
125144 
124656 
125309 
125103 
117466 
124900 
125138 
125373 
124599 
125409 
124376 
124548 
114198 
124827 
124494 
123759 
109693 
123538 
104787 
99434 
48753 
125112 
125436 
124948 
124031 
125111 
124248 
123409 
106514 
125040 
123419 
122312 
99574 
121329 
92078 
84288 
32331 
125243 
121600 
119525 
87197 
116523 
76908 
67434 
19454 
110152 
61972 
51398 
11170 
38639 
6230 
3830 
75 
125095 
125032 
125351 
122600 
124508 
122044 
120282 
90041 
124717 
119813 
117640 
79765 
112982 
68562 
58129 
14452 
124547 
113383 
109275 
62337 
101998 
50133 
39836 
6683 
88982 
35338 
26436 
3025 
17965 
1433 
844 
1 
123085 
100701 
93416 
40070 
81601 
29062 
21111 
1972 
65582 
18007 
12285 
751 
7648 
250 
155 
0 
47226 
9273 
6029 
153 
3498 
78 
31 
0 
1898 
25 
14 
0 
6 
0 
0 
0 
125288 
124708 
124791 
116270 
124749 
113281 
108970 
61729 
123962 
105983 
99726 
48184 
89386 
36081 
27297 
3240 
121055 
92146 
83369 
30990 
70677 
21244 
14764 
989 
54186 
12351 
8126 
369 
4806 
110 
66 
0 
114422 
70869 
60465 
15329 
46941 
9248 
5884 
151 
33269 
4687 
2833 
49 
1609 
17 
7 
0 
20965 
1949 
1170 
5 
632 
0 
0 
0 
332 
1 
1 
0 
0 
0 
0 
0 
98673 
45007 
35407 
5360 
24906 
2880 
1636 
8 
16235 
1242 
699 
2 
389 
0 
0 
0 
9470 
423 
233 
0 
150 
0 
0 
0 
75 
1 
0 
0 
0 
0 
0 
0 
5317 
142 
95 
0 
39 
0 
0 
0 
26 
0 
0 
0 
0 
0 
0 
0 
9 
0 
0 
0 
0 
0 
0 
0 
0 
0 
0 
0 
0 
0 
0 
0 
125324 
124612 
124712 
120749 
124894 
118115 
114911 
74502 
124709 
112708 
109054 
61635 
101479 
49765 
39897 
6787 
123499 
103229 
96901 
44789 
86563 
33548 
25090 
2757 
71386 
21657 
15204 
1033 
9771 
509 
262 
1 
120316 
86667 
77891 
26945 
65206 
18116 
12550 
673 
50078 
10522 
7049 
237 
4056 
89 
54 
0 
34499 
5223 
3271 
68 
1846 
13 
13 
0 
1018 
1 
5 
0 
1 
0 
0 
0 
111244 
64492 
54011 
12756 
42770 
7775 
4861 
121 
30192 
4101 
2588 
37 
1394 
11 
4 
0 
19468 
1921 
1093 
2 
605 
2 
4 
0 
325 
1 
1 
0 
0 
0 
0 
0 
11704 
686 
426 
2 
212 
0 
0 
0 
114 
0 
0 
0 
0 
0 
0 
0 
64 
0 
0 
0 
0 
0 
0 
0 
0 
0 
0 
0 
0 
0 
0 
0 
94072 
42183 
33464 
5143 
24058 
2724 
1619 
14 
16367 
1313 
738 
5 
400 
0 
2 
0 
9921 
567 
333 
0 
174 
0 
0 
0 
90 
0 
0 
0 
0 
0 
0 
0 
5862 
215 
109 
0 
53 
0 
0 
0 
28 
0 
0 
0 
0 
0 
0 
0 
18 
0 
0 
0 
0 
0 
0 
0 
0 
0 
0 
0 
0 
0 
0 
0 
3236 
81 
40 
0 
17 
0 
0 
0 
11 
0 
0 
0 
0 
0 
0 
0 
4 
0 
0 
0 
0 
0 
0 
0 
0 
0 
0 
0 
0 
0 
0 
0 
1 
0 
0 
0 
0 
0 
0 
0 
0 
0 
0 
0 
0 
0 
0 
0 
0 
0 
0 
0 
0 
0 
0 
0 
0 
0 
0 
0 
0 
0 
0 
0 
73246 
24617 
18136 
1638 
12762 
782 
466 
1 
7898 
370 
186 
0 
97 
0 
0 
0 
4697 
145 
63 
0 
55 
0 
0 
0 
25 
0 
0 
0 
0 
0 
0 
0 
2715 
39 
26 
0 
12 
0 
0 
0 
7 
0 
0 
0 
0 
0 
0 
0 
2 
0 
0 
0 
0 
0 
0 
0 
0 
0 
0 
0 
0 
0 
0 
0 
1501 
13 
4 
0 
2 
0 
0 
0 
1 
0 
0 
0 
0 
0 
0 
0 
0 
0 
0 
0 
0 
0 
0 
0 
0 
0 
0 
0 
0 
0 
0 
0 
0 
0 
0 
0 
0 
0 
0 
0 
0 
0 
0 
0 
0 
0 
0 
0 
0 
0 
0 
0 
0 
0 
0 
0 
0 
0 
0 
0 
0 
0 
0 
0 
765 
3 
3 
0 
3 
0 
0 
0 
1 
0 
0 
0 
0 
0 
0 
0 
1 
0 
0 
0 
0 
0 
0 
0 
0 
0 
0 
0 
0 
0 
0 
0 
0 
0 
0 
0 
0 
0 
0 
0 
0 
0 
0 
0 
0 
0 
0 
0 
0 
0 
0 
0 
0 
0 
0 
0 
0 
0 
0 
0 
0 
0 
0 
0 
0 
0 
0 
0 
0 
0 
0 
0 
0 
0 
0 
0 
0 
0 
0 
0 
0 
0 
0 
0 
0 
0 
0 
0 
0 
0 
0 
0 
0 
0 
0 
0 
0 
0 
0 
0 
0 
0 
0 
0 
0 
0 
0 
0 
0 
0 
0 
0 
0 
0 
0 
0 
0 
0 
0 
0 
0 
0 
0 
0 
0 
0 
0 
0 
